Selector A
----------

Button 1 - ON
Decimal: 1332567 (24Bit) Binary: 000101000101010101010111 Tri-State: 0FF0FFFFFFF1 PulseLength: 489 microseconds Protocol: 1
Raw data: 15176,284,1644,288,1656,276,1648,1248,692,276,1640,1268,672,288,1644,292,1632,300,1628,1268,668,300,1644,1248,680,288,1644,1252,684,284,1652,1244,680,288,1636,1260,692,268,1652,1248,680,284,1648,1248,688,1244,680,1252,692,

Button 1 - OFF
Decimal: 1332564 (24Bit) Binary: 000101000101010101010100 Tri-State: 0FF0FFFFFFF0 PulseLength: 489 microseconds Protocol: 1
Raw data: 15144,316,1616,316,1612,320,1620,1280,680,312,1624,1276,660,304,1632,304,1624,316,1624,1268,664,304,1620,1276,708,260,1676,200,264,16,32,116,20,16,16,20,16,32,16,24,16,304,16,24,20,16,16,232,16,

Button 2 - ON
Decimal: 1381719 (24Bit) Binary: 000101010001010101010111 Tri-State: 0FFF0FFFFFF1 PulseLength: 489 microseconds Protocol: 1
Raw data: 15168,292,1652,276,1640,296,1652,1240,680,288,1644,1252,676,292,1652,1244,696,268,1664,268,1652,280,1648,1248,684,284,1640,1260,692,272,1648,1252,696,268,1656,1240,684,284,1652,1240,688,280,1652,1244,704,1228,684,1244,700,

Button 2 - OFF
Decimal: 1381716 (24Bit) Binary: 000101010001010101010100 Tri-State: 0FFF0FFFFFF0 PulseLength: 488 microseconds Protocol: 1
Raw data: 15132,328,1600,332,1596,336,1620,1280,628,340,1588,1308,636,332,1592,1308,632,332,1596,336,1600,332,1608,1288,628,336,1596,1304,636,328,1612,1288,632,336,1592,1304,636,332,1592,1276,660,308,1612,1284,644,320,1616,316,1624,

Button 3 - ON
Decimal: 1394007 (24Bit) Binary: 000101010100010101010111 Tri-State: 0FFFF0FFFFF1 PulseLength: 489 microseconds Protocol: 1
Raw data: 15160,300,1644,288,1636,300,1632,1264,668,300,1636,1260,672,292,1636,1264,680,284,1640,1260,676,288,1652,284,1640,288,1660,1260,676,292,1632,1264,672,292,1652,1244,672,296,1636,1260,672,296,1636,1244,684,1244,700,1232,688,

Button 3 - OFF
Decimal: 1394004 (24Bit) Binary: 000101010100010101010100 Tri-State: 0FFFF0FFFFF0 PulseLength: 488 microseconds Protocol: 1
Raw data: 15132,332,1604,332,1600,332,1604,1292,636,332,1600,1296,636,332,1600,1300,636,328,1608,1292,636,332,1612,320,1604,328,1608,1284,644,324,1600,1300,636,328,1616,1284,644,324,1600,1296,644,324,1604,1292,652,316,1608,324,1608,

Button 4 - ON
Decimal: 1397079 (24Bit) Binary: 000101010101000101010111 Tri-State: 0FFFFF0FFFF1 PulseLength: 489 microseconds Protocol: 1
Raw data: 15176,288,1640,292,1644,288,1632,1260,672,296,1636,1260,672,296,1632,1264,676,292,1636,1260,692,276,1636,1256,680,284,1640,296,1636,292,1644,1256,680,284,1640,1260,672,292,1640,1260,1260,680,284,1640,1260,672,1260,680,1248,

Button 4 - OFF
Decimal: 1397076 (24Bit) Binary: 000101010101000101010100 Tri-State: 0FFFFF0FFFF0 PulseLength: 488 microseconds Protocol: 1
Raw data: 15128,336,1604,332,1596,336,1604,1296,632,336,1608,1288,636,332,1600,1300,656,308,1612,1284,644,320,1604,1296,644,324,1612,320,1612,320,1604,1296,636,332,1608,1288,632,336,1600,1296,640,328,1604,1292,648,320,1604,332,1604,
